0 0 65 20
0 1 66 27
0 2 65 21
0 3 66 19
0 4 68 26
0 5 65 29
0 6 67 19
0 7 68 25
0 8 73 15
0 9 70 23
0 10 69 22
0 11 66 25
0 12 66 20
0 13 68 21
0 14 68 25
0 15 67 21
0 16 67 23
0 17 73 14
0 18 68 20
0 19 67 25
0 20 70 18
0 21 67 24
0 22 64 25
0 23 65 27
0 24 68 19
0 25 72 17
0 26 71 16
0 27 64 24
1 0 65 27
1 1 71 21
1 2 70 23
1 3 66 19
1 4 67 26
1 5 68 17
1 6 70 17
1 7 73 19
1 8 65 25
1 9 71 16
1 10 71 19
1 11 71 18
1 12 73 19
1 13 65 23
1 14 71 22
1 15 65 28
1 16 70 22
1 17 70 17
1 18 64 25
1 19 64 26
1 20 71 17
1 21 70 22
1 22 72 13
1 23 65 25
1 24 72 14
1 25 72 21
1 26 73 20
1 27 65 23
2 0 68 23
2 1 72 19
2 2 72 20
2 3 70 24
2 4 64 22
2 5 66 28
2 6 73 20
2 7 69 24
2 8 71 22
2 9 65 27
2 10 72 19
2 11 73 20
2 12 66 26
2 13 69 19
2 14 69 22
2 15 65 29
2 16 70 24
2 17 72 21
2 18 68 21
2 19 64 25
2 20 73 18
2 21 72 19
2 22 68 26
2 23 69 17
2 24 68 20
2 25 70 22
2 26 66 28
2 27 64 27
3 0 72 13
3 1 69 25
3 2 66 19
3 3 67 26
3 4 65 28
3 5 67 23
3 6 67 22
3 7 66 25
3 8 64 29
3 9 73 12
3 10 73 19
3 11 70 19
3 12 71 17
3 13 73 21
3 14 64 26
3 15 68 20
3 16 64 24
3 17 69 25
3 18 65 27
3 19 64 29
3 20 67 27
3 21 70 24
3 22 66 26
3 23 70 24
3 24 67 18
3 25 70 23
3 26 65 23
3 27 68 23
4 0 64 26
4 1 64 29
4 2 70 19
4 3 69 24
4 4 73 15
4 5 70 19
4 6 65 29
4 7 73 20
4 8 69 23
4 9 70 24
4 10 68 18
4 11 64 24
4 12 72 18
4 13 64 23
4 14 70 24
4 15 71 17
4 16 69 19
4 17 65 29
4 18 64 30
4 19 64 25
4 20 65 21
4 21 71 21
4 22 67 26
4 23 69 21
4 24 73 20
4 25 73 21
4 26 71 20
4 27 64 26
5 0 72 20
5 1 72 19
5 2 70 23
5 3 71 17
5 4 73 16
5 5 71 17
5 6 66 28
5 7 71 16
5 8 73 17
5 9 70 21
5 10 68 24
5 11 66 21
5 12 71 17
5 13 69 23
5 14 71 22
5 15 64 26
5 16 67 23
5 17 71 17
5 18 64 23
5 19 67 18
5 20 70 20
5 21 64 23
5 22 67 18
5 23 68 19
5 24 65 26
5 25 73 13
5 26 65 26
5 27 68 22
6 0 66 28
6 1 68 20
6 2 66 27
6 3 73 12
6 4 64 22
6 5 70 23
6 6 73 17
6 7 69 21
6 8 64 24
6 9 65 27
6 10 71 14
6 11 70 16
6 12 73 15
6 13 67 25
6 14 66 25
6 15 71 18
6 16 73 15
6 17 70 20
6 18 70 22
6 19 73 13
6 20 69 21
6 21 67 21
6 22 72 21
6 23 67 27
6 24 73 16
6 25 70 19
6 26 65 28
6 27 70 20
7 0 64 30
7 1 64 24
7 2 71 23
7 3 66 21
7 4 71 14
7 5 73 17
7 6 69 20
7 7 71 18
7 8 69 24
7 9 67 20
7 10 65 21
7 11 67 19
7 12 72 22
7 13 64 26
7 14 70 23
7 15 72 14
7 16 64 24
7 17 71 22
7 18 68 21
7 19 65 29
7 20 72 21
7 21 69 17
7 22 66 23
7 23 67 22
7 24 64 23
7 25 70 19
7 26 72 18
7 27 64 24
8 0 67 25
8 1 67 27
8 2 69 19
8 3 64 22
8 4 70 15
8 5 73 13
8 6 72 14
8 7 67 20
8 8 72 15
8 9 71 18
8 10 69 19
8 11 65 21
8 12 72 14
8 13 69 17
8 14 70 18
8 15 66 28
8 16 67 21
8 17 71 19
8 18 69 20
8 19 72 16
8 20 68 17
8 21 69 25
8 22 73 17
8 23 72 20
8 24 68 17
8 25 67 25
8 26 66 21
8 27 66 23
9 0 70 16
9 1 66 19
9 2 69 23
9 3 67 25
9 4 499 10
9 5 70 17
9 6 70 21
9 7 71 19
9 8 64 27
9 9 65 25
9 10 72 19
9 11 66 24
9 12 73 20
9 13 71 20
9 14 66 20
9 15 68 25
9 16 64 29
9 17 67 19
9 18 72 14
9 19 70 17
9 20 73 20
9 21 73 14
9 22 67 19
9 23 67 21
9 24 66 27
9 25 65 28
9 26 65 22
9 27 69 19
10 0 72 14
10 1 64 26
10 2 64 27
10 3 70 23
10 4 498 7
10 5 72 15
10 6 66 22
10 7 66 24
10 8 69 16
10 9 72 13
10 10 69 20
10 11 70 19
10 12 71 21
10 13 64 28
10 14 64 30
10 15 67 23
10 16 71 22
10 17 64 29
10 18 68 22
10 19 66 27
10 20 69 21
10 21 70 17
10 22 68 18
10 23 72 16
10 24 64 26
10 25 64 25
10 26 67 26
10 27 64 27
11 0 73 20
11 1 65 29
11 2 71 17
11 3 73 14
11 4 490 14
11 5 71 16
11 6 70 24
11 7 69 18
11 8 70 15
11 9 69 19
11 10 67 20
11 11 71 21
11 12 70 19
11 13 68 26
11 14 65 27
11 15 64 28
11 16 68 23
11 17 67 23
11 18 67 24
11 19 67 20
11 20 68 24
11 21 67 20
11 22 66 22
11 23 73 21
11 24 69 24
11 25 67 27
11 26 66 21
11 27 67 23
12 0 72 22
12 1 64 22
12 2 73 14
12 3 71 22
12 4 490 12
12 5 67 26
12 6 68 23
12 7 64 29
12 8 73 15
12 9 64 27
12 10 72 17
12 11 73 16
12 12 72 20
12 13 66 27
12 14 72 21
12 15 65 28
12 16 69 21
12 17 68 21
12 18 71 20
12 19 65 27
12 20 70 22
12 21 68 26
12 22 68 24
12 23 64 26
12 24 70 17
12 25 69 21
12 26 69 17
12 27 67 19
13 0 66 28
13 1 64 26
13 2 71 16
13 3 73 15
13 4 497 11
13 5 65 27
13 6 73 20
13 7 72 16
13 8 73 12
13 9 72 16
13 10 68 20
13 11 70 17
13 12 72 16
13 13 71 22
13 14 67 24
13 15 67 22
13 16 70 17
13 17 68 21
13 18 72 20
13 19 66 28
13 20 71 18
13 21 64 22
13 22 67 18
13 23 68 26
13 24 69 17
13 25 68 19
13 26 69 22
13 27 72 22
14 0 73 12
14 1 68 18
14 2 71 16
14 3 72 20
14 4 497 9
14 5 64 26
14 6 68 18
14 7 69 16
14 8 73 19
14 9 73 15
14 10 69 25
14 11 71 19
14 12 72 22
14 13 65 24
14 14 73 19
14 15 71 14
14 16 66 22
14 17 66 28
14 18 69 21
14 19 69 25
14 20 69 21
14 21 71 18
14 22 68 26
14 23 67 19
14 24 66 22
14 25 69 21
14 26 68 23
14 27 67 20
15 0 66 22
15 1 65 21
15 2 64 24
15 3 66 23
15 4 494 7
15 5 67 20
15 6 69 17
15 7 71 21
15 8 73 14
15 9 71 23
15 10 68 23
15 11 72 15
15 12 71 19
15 13 66 25
15 14 65 28
15 15 65 20
15 16 66 28
15 17 73 17
15 18 65 24
15 19 68 26
15 20 73 18
15 21 68 26
15 22 66 23
15 23 67 24
15 24 68 25
15 25 68 22
15 26 70 18
15 27 64 25
16 0 64 24
16 1 68 19
16 2 67 25
16 3 68 21
16 4 497 4
16 5 72 15
16 6 64 24
16 7 71 18
16 8 65 21
16 9 70 20
16 10 72 14
16 11 70 22
16 12 68 19
16 13 70 23
16 14 68 20
16 15 67 27
16 16 64 22
16 17 73 17
16 18 65 21
16 19 66 22
16 20 72 20
16 21 65 22
16 22 64 24
16 23 67 22
16 24 71 19
16 25 66 24
16 26 69 20
16 27 71 23
17 0 73 17
17 1 71 18
17 2 72 18
17 3 69 17
17 4 495 6
17 5 66 26
17 6 66 25
17 7 65 21
17 8 69 25
17 9 67 24
17 10 68 22
17 11 70 20
17 12 67 23
17 13 70 24
17 14 72 18
17 15 69 17
17 16 72 22
17 17 65 27
17 18 69 25
17 19 72 17
17 20 68 19
17 21 67 22
17 22 64 24
17 23 65 25
17 24 67 18
17 25 64 27
17 26 67 20
17 27 69 17
18 0 70 18
18 1 64 28
18 2 69 22
18 3 70 17
18 4 496 11
18 5 72 13
18 6 69 24
18 7 71 17
18 8 66 24
18 9 67 18
18 10 69 18
18 11 73 14
18 12 73 14
18 13 66 27
18 14 73 21
18 15 64 29
18 16 71 23
18 17 68 17
18 18 67 24
18 19 66 20
18 20 66 24
18 21 72 20
18 22 64 26
18 23 72 16
18 24 68 17
18 25 67 24
18 26 69 21
18 27 70 23
19 0 65 20
19 1 64 22
19 2 70 24
19 3 71 20
19 4 499 9
19 5 68 18
19 6 68 24
19 7 73 21
19 8 69 22
19 9 65 29
19 10 73 14
19 11 68 24
19 12 69 19
19 13 72 19
19 14 66 28
19 15 70 23
19 16 67 22
19 17 71 14
19 18 70 22
19 19 71 15
19 20 72 16
19 21 67 18
19 22 73 12
19 23 68 22
19 24 67 22
19 25 67 26
19 26 65 22
19 27 69 23
20 0 68 20
20 1 69 16
20 2 72 20
20 3 72 17
20 4 492 9
20 5 65 21
20 6 68 22
20 7 69 19
20 8 68 19
20 9 72 20
20 10 73 14
20 11 73 19
20 12 70 23
20 13 73 21
20 14 65 25
20 15 73 14
20 16 66 27
20 17 66 19
20 18 67 20
20 19 66 21
20 20 73 13
20 21 69 22
20 22 66 20
20 23 70 21
20 24 71 19
20 25 71 17
20 26 67 26
20 27 71 17
21 0 71 20
21 1 69 22
21 2 73 16
21 3 70 17
21 4 496 14
21 5 64 30
21 6 66 20
21 7 65 24
21 8 68 22
21 9 72 21
21 10 64 24
21 11 65 28
21 12 73 17
21 13 64 23
21 14 69 18
21 15 69 16
21 16 69 18
21 17 71 23
21 18 69 17
21 19 67 27
21 20 70 23
21 21 70 23
21 22 68 23
21 23 70 23
21 24 70 15
21 25 72 19
21 26 69 25
21 27 65 27
22 0 69 19
22 1 65 29
22 2 73 13
22 3 71 21
22 4 491 18
22 5 72 13
22 6 64 25
22 7 64 26
22 8 68 24
22 9 69 17
22 10 69 23
22 11 64 24
22 12 69 25
22 13 72 22
22 14 70 24
22 15 66 24
22 16 64 25
22 17 72 13
22 18 69 17
22 19 66 24
22 20 70 21
22 21 68 17
22 22 68 23
22 23 64 28
22 24 68 19
22 25 0 85
22 26 64 22
22 27 64 27
23 0 66 26
23 1 72 14
23 2 66 23
23 3 66 21
23 4 499 7
23 5 71 22
23 6 65 22
23 7 73 14
23 8 64 26
23 9 68 20
23 10 72 20
23 11 69 21
23 12 72 22
23 13 70 20
23 14 65 28
23 15 73 18
23 16 73 14
23 17 73 20
23 18 67 19
23 19 65 27
23 20 65 22
23 21 64 22
23 22 64 30
23 23 65 23
23 24 65 21
23 25 65 25
23 26 67 25
23 27 69 22
24 0 72 15
24 1 71 19
24 2 73 12
24 3 70 21
24 4 497 4
24 5 72 15
24 6 72 13
24 7 64 24
24 8 73 15
24 9 68 25
24 10 69 19
24 11 64 25
24 12 65 27
24 13 73 20
24 14 64 30
24 15 73 14
24 16 70 17
24 17 64 23
24 18 69 24
24 19 70 23
24 20 70 23
24 21 67 23
24 22 68 25
24 23 64 23
24 24 73 15
24 25 65 22
24 26 64 25
24 27 64 21
25 0 73 18
25 1 64 27
25 2 73 15
25 3 70 16
25 4 496 7
25 5 67 25
25 6 69 17
25 7 64 29
25 8 71 16
25 9 70 22
25 10 65 24
25 11 66 27
25 12 72 14
25 13 73 12
25 14 73 17
25 15 64 23
25 16 70 21
25 17 72 18
25 18 66 28
25 19 69 16
25 20 70 15
25 21 67 25
25 22 68 17
25 23 72 21
25 24 70 19
25 25 72 21
25 26 64 23
25 27 65 28
26 0 70 21
26 1 72 18
26 2 72 17
26 3 70 24
26 4 493 15
26 5 73 20
26 6 70 20
26 7 65 25
26 8 65 22
26 9 69 17
26 10 67 25
26 11 67 23
26 12 68 25
26 13 67 20
26 14 72 15
26 15 65 20
26 16 71 16
26 17 66 28
26 18 69 19
26 19 65 23
26 20 71 23
26 21 71 20
26 22 73 18
26 23 66 21
26 24 70 18
26 25 68 26
26 26 72 22
26 27 68 22
27 0 69 17
27 1 71 18
27 2 68 17
27 3 71 16
27 4 499 7
27 5 69 16
27 6 71 18
27 7 67 22
27 8 64 27
27 9 65 25
27 10 70 23
27 11 71 20
27 12 64 21
27 13 67 27
27 14 70 20
27 15 73 16
27 16 66 26
27 17 72 22
27 18 64 24
27 19 73 20
27 20 69 17
27 21 68 22
27 22 67 22
27 23 71 21
27 24 72 22
27 25 71 22
27 26 71 19
27 27 68 26
28 0 72 16
28 1 67 25
28 2 66 26
28 3 64 30
28 4 494 11
28 5 70 18
28 6 65 28
28 7 65 24
28 8 67 19
28 9 68 22
28 10 71 22
28 11 67 27
28 12 66 28
28 13 68 21
28 14 67 23
28 15 64 25
28 16 66 25
28 17 64 30
28 18 72 21
28 19 65 26
28 20 73 15
28 21 65 26
28 22 69 24
28 23 67 20
28 24 71 21
28 25 73 21
28 26 67 21
28 27 64 24
29 0 67 24
29 1 73 19
29 2 72 16
29 3 64 28
29 4 492 14
29 5 70 22
29 6 73 20
29 7 67 27
29 8 65 21
29 9 72 20
29 10 72 22
29 11 69 21
29 12 64 29
29 13 65 22
29 14 65 26
29 15 66 22
29 16 64 30
29 17 72 16
29 18 71 15
29 19 71 14
29 20 67 21
29 21 70 16
29 22 65 21
29 23 66 23
29 24 68 17
29 25 64 27
29 26 72 18
29 27 71 20
30 0 73 14
30 1 70 21
30 2 67 20
30 3 73 21
30 4 497 9
30 5 65 27
30 6 64 30
30 7 72 15
30 8 65 27
30 9 72 14
30 10 64 26
30 11 70 15
30 12 65 23
30 13 72 20
30 14 72 13
30 15 69 23
30 16 73 13
30 17 67 18
30 18 64 27
30 19 71 18
30 20 72 18
30 21 71 22
30 22 71 22
30 23 65 20
30 24 65 25
30 25 73 14
30 26 72 22
30 27 70 21
31 0 66 28
31 1 66 25
31 2 71 15
31 3 71 17
31 4 491 15
31 5 64 22
31 6 66 20
31 7 64 25
31 8 72 16
31 9 73 20
31 10 73 20
31 11 68 18
31 12 72 14
31 13 66 20
31 14 65 27
31 15 70 22
31 16 72 20
31 17 66 21
31 18 68 26
31 19 69 17
31 20 71 20
31 21 73 14
31 22 73 18
31 23 64 30
31 24 73 12
31 25 68 24
31 26 65 28
31 27 64 21
32 0 67 25
32 1 73 12
32 2 64 26
32 3 69 19
32 4 498 9
32 5 73 18
32 6 65 28
32 7 70 18
32 8 73 15
32 9 72 21
32 10 68 18
32 11 72 16
32 12 66 27
32 13 71 23
32 14 71 14
32 15 73 14
32 16 67 19
32 17 65 25
32 18 69 19
32 19 64 21
32 20 64 21
32 21 72 13
32 22 68 22
32 23 69 23
32 24 65 23
32 25 71 23
32 26 70 24
32 27 64 23
33 0 71 17
33 1 71 20
33 2 71 17
33 3 73 21
33 4 499 9
33 5 65 25
33 6 69 18
33 7 66 25
33 8 71 22
33 9 68 22
33 10 67 24
33 11 69 20
33 12 73 18
33 13 72 16
33 14 64 23
33 15 67 21
33 16 66 22
33 17 71 23
33 18 73 17
33 19 66 21
33 20 72 14
33 21 73 12
33 22 71 18
33 23 64 23
33 24 69 22
33 25 70 23
33 26 70 17
33 27 73 12
34 0 73 17
34 1 70 18
34 2 72 21
34 3 68 17
34 4 498 4
34 5 64 27
34 6 70 17
34 7 65 22
34 8 64 29
34 9 71 16
34 10 69 21
34 11 72 15
34 12 67 23
34 13 66 26
34 14 71 19
34 15 66 26
34 16 71 22
34 17 73 20
34 18 66 22
34 19 64 23
34 20 73 14
34 21 65 20
34 22 69 18
34 23 72 14
34 24 73 16
34 25 72 19
34 26 67 26
34 27 71 22
35 0 72 17
35 1 72 19
35 2 72 14
35 3 64 25
35 4 497 12
35 5 72 15
35 6 70 19
35 7 65 26
35 8 70 15
35 9 69 23
35 10 71 15
35 11 67 20
35 12 69 17
35 13 65 21
35 14 65 29
35 15 70 20
35 16 65 28
35 17 71 23
35 18 64 23
35 19 71 19
35 20 72 20
35 21 64 28
35 22 68 26
35 23 69 19
35 24 73 19
35 25 69 19
35 26 66 21
35 27 71 18
36 0 69 24
36 1 71 19
36 2 65 21
36 3 68 17
36 4 491 14
36 5 68 17
36 6 65 29
36 7 71 15
36 8 69 25
36 9 64 29
36 10 70 24
36 11 71 14
36 12 73 21
36 13 68 22
36 14 68 23
36 15 70 24
36 16 71 21
36 17 70 24
36 18 67 21
36 19 67 21
36 20 71 22
36 21 67 23
36 22 71 23
36 23 73 17
36 24 65 25
36 25 69 22
36 26 72 15
36 27 67 23